Idade <- c(56,42,72,36,47,55,49,38,42,68,60,63)
Pressao <- c(147,125,160,118,128,150,145,115,140,152,155,149)